   3.5699713177570720e+00	
   3.7357603313017371e+00	
   3.4479452360927465e+00	
   3.6588079602631689e+00	
   3.5045968410595436e+00	
   3.5649511796251048e+00	
   3.3581165439012151e+00	
   3.4327300870937214e+00	
   3.4559434297930958e+00	
   3.4614557322444552e+00	
   3.4455984176038452e+00	
   3.4569454698739390e+00	
   3.4076867930739065e+00	
   3.4772988362999602e+00	
   3.6202306351821338e+00	
   3.5957612674631623e+00	
   3.4870314145680310e+00	
   3.5613749127398444e+00	
   3.5495739768885506e+00	
   3.6083454791498930e+00	
   3.4708207869145986e+00	
   3.3790873618564565e+00	
   3.7476883916071007e+00	
   3.4312397876071605e+00	
   3.5823455346817474e+00	
   3.5554912506997716e+00	
   3.3915369860750353e+00	
   3.4143564510305864e+00	
   3.3826268936049413e+00	
