   2.0300296447512221e+01	
   1.6506004527152900e+01	
   1.8062250882287938e+01	
   1.7685669151962987e+01	
   2.1296629559815834e+01	
   1.8543935993134109e+01	
   1.9917708545340176e+01	
   1.9658474830744950e+01	
   2.0501725551175817e+01	
   1.9793254987630178e+01	
   1.9029683586350352e+01	
   1.8243602308479161e+01	
   1.7919090960877764e+01	
   1.8837640631223529e+01	
   1.7029362466486461e+01	
   1.8448200843025081e+01	
   1.8558907791791441e+01	
   1.5758264002308294e+01	
   2.2001021705095518e+01	
   1.7625322734388256e+01	
   1.6384474892584674e+01	
   2.0972497149472911e+01	
   1.8904977430061166e+01	
   1.9446553023705246e+01	
   1.8639309528561199e+01	
   1.7098055721269620e+01	
   2.1093224147791581e+01	
   1.8298769854836145e+01	
   1.8964344736647273e+01	
