   7.7544522255053234e+00	
   7.4727158848735984e+00	
   7.5047664785897199e+00	
   7.5644888396398695e+00	
   7.6963306538238783e+00	
   7.4963581554936800e+00	
   7.5914239405009862e+00	
   7.6592828143814131e+00	
   7.6147933154446683e+00	
   7.6139898367095036e+00	
   7.5326526746534412e+00	
   7.5116879890852646e+00	
   7.5763833325958174e+00	
   7.5208347960996704e+00	
   7.4896002004331770e+00	
   7.5092990196173268e+00	
   7.5060822454474403e+00	
   7.3748919146261240e+00	
   7.6977510519165362e+00	
   7.4720598884052878e+00	
   7.4399270044974513e+00	
   7.6682410303786224e+00	
   7.6869081200080389e+00	
   7.5994411018898091e+00	
   7.5785859989690643e+00	
   7.4772756338202644e+00	
   7.7024749788382358e+00	
   7.5006959223548808e+00	
   7.5587802218211122e+00	
