   1.4068118068719736e+01	
   1.2897648504542703e+01	
   1.3210848788721755e+01	
   1.3145774236674796e+01	
   1.4212021951443518e+01	
   1.3323482761612807e+01	
   1.3917975519371916e+01	
   1.3773144712101645e+01	
   1.3832281892517308e+01	
   1.3677651286909789e+01	
   1.3530652604456083e+01	
   1.3123546960759453e+01	
   1.3482604302869206e+01	
   1.3298319671825208e+01	
   1.3052050183183210e+01	
   1.3404606981104081e+01	
   1.3383359187279734e+01	
   1.2739266250378630e+01	
   1.4252401465702746e+01	
   1.3026774501368971e+01	
   1.2919649428497101e+01	
   1.4330749835748781e+01	
   1.3292167854189454e+01	
   1.3563275277326623e+01	
   1.3348583327769164e+01	
   1.2955676670549716e+01	
   1.4021002997474220e+01	
   1.3462462281679112e+01	
   1.3555236875095407e+01	
