   1.8323131658625446e+01	
   1.5455632595972457e+01	
   1.6841447383238020e+01	
   1.6362459072305889e+01	
   1.9362202798756883e+01	
   1.7314212965861639e+01	
   1.8360716380354333e+01	
   1.7962093088732772e+01	
   1.8843515899848175e+01	
   1.8188618975675489e+01	
   1.7678496815334036e+01	
   1.6997098429373803e+01	
   1.6550371807129508e+01	
   1.7527320275271830e+01	
   1.5910897270578898e+01	
   1.7192373173113289e+01	
   1.7302211203898246e+01	
   1.4952647415819449e+01	
   1.9998635923162254e+01	
   1.6506727944406858e+01	
   1.5411515918700468e+01	
   1.9139187825065537e+01	
   1.7209474518281741e+01	
   1.7904578547114063e+01	
   1.7212300993847862e+01	
   1.6003473049850811e+01	
   1.9166077173713187e+01	
   1.7072192672088704e+01	
   1.7558202892883983e+01	
