   2.7210325700044784e+00	   2.7574032442722047e+00	   2.8245321510282970e+00	   2.9075079971885813e+00	   2.9074389408064016e+00	   2.9599224259949413e+00	   3.0376586067048348e+00	   3.0906335930294464e+00	
   2.1283744640939828e+00	   2.1946463204116844e+00	   2.2630485743944213e+00	   2.3409385073193434e+00	   2.3898622744316578e+00	   2.4532468758334667e+00	   2.5300192869164775e+00	   2.5401109115977132e+00	
   2.2853155118015183e+00	   2.3973634025888528e+00	   2.4605138364556245e+00	   2.5864619289814326e+00	   2.6434429559990389e+00	   2.7086796100099164e+00	   2.7256559739396047e+00	   2.7949508368254183e+00	
   2.3342345984353088e+00	   2.3692498177992891e+00	   2.4192983379220356e+00	   2.5073087658125410e+00	   2.5844284012669339e+00	   2.6189461779031427e+00	   2.6656091743134822e+00	   2.7074223554558192e+00	
   2.7000842643488907e+00	   2.7729636797039974e+00	   2.8663056215404992e+00	   3.0118790125888699e+00	   3.1285500406343405e+00	   3.2209004019900895e+00	   3.2741956403747334e+00	   3.3435860616177213e+00	
   2.4750134215079491e+00	   2.5268642819733649e+00	   2.5818974779323107e+00	   2.6240543637790328e+00	   2.7028809918861003e+00	   2.6998883265840092e+00	   2.7655249808249658e+00	   2.8106377188007041e+00	
   2.5492109117634798e+00	   2.6595506280168593e+00	   2.7636612311591269e+00	   2.7949523170787574e+00	   2.8775827909199760e+00	   2.9392472376786625e+00	   3.0804925204660076e+00	   3.0552327282780833e+00	
   2.5787577660373882e+00	   2.6322036889547067e+00	   2.7426932136113091e+00	   2.7969524667251755e+00	   2.8712417525241301e+00	   2.8911396495018362e+00	   2.9335500365627971e+00	   3.0026302796926072e+00	
   2.6322101285176296e+00	   2.7721817396987953e+00	   2.8719706978518404e+00	   2.8870640339420075e+00	   2.9679483286752117e+00	   3.0333088519349780e+00	   3.0864542701707394e+00	   3.1333851292868613e+00	
   2.4906757602411651e+00	   2.6053039153098401e+00	   2.6902375086772050e+00	   2.7862630264864325e+00	   2.9051033177885701e+00	   2.9810846869543832e+00	   3.0345285035178069e+00	   3.0907922975507143e+00	
   2.3680097550264518e+00	   2.5091798890239931e+00	   2.5735618501140523e+00	   2.7382041985368768e+00	   2.8153828929849336e+00	   2.8446817821387671e+00	   2.9126708693427688e+00	   2.9039944533914652e+00	
   2.3622983997389913e+00	   2.4540896940218806e+00	   2.5560177127588459e+00	   2.5656219677672523e+00	   2.6623654648437700e+00	   2.6792285277008165e+00	   2.7415973380682850e+00	   2.8070648068976287e+00	
   2.3127203229961188e+00	   2.3648996830460018e+00	   2.4500998167419143e+00	   2.5400581519063201e+00	   2.5964641376922999e+00	   2.6607800940918929e+00	   2.7457549081229136e+00	   2.8093480155567216e+00	
   2.4324364044357338e+00	   2.5074455071063793e+00	   2.6048157653301476e+00	   2.6794243335821895e+00	   2.7113535179988153e+00	   2.7602003525194347e+00	   2.8914396614619426e+00	   2.9334865820135017e+00	
   2.1616947035818885e+00	   2.2770938520484680e+00	   2.3443718765973935e+00	   2.3989168560873901e+00	   2.4839085181572260e+00	   2.5289055967730714e+00	   2.6144557339712957e+00	   2.6017253621213468e+00	
   2.3674701030989747e+00	   2.4392559368746047e+00	   2.5275654204340130e+00	   2.6265982868825359e+00	   2.6638486075976684e+00	   2.7552921309085905e+00	   2.8178023595724975e+00	   2.8682060984113704e+00	
   2.3820850114540160e+00	   2.4666643802402994e+00	   2.5413501647009165e+00	   2.6387521996557979e+00	   2.7011364255041821e+00	   2.7636501060345218e+00	   2.8053072316088952e+00	   2.9020095566396380e+00	
   2.0401584271199531e+00	   2.0830147160922863e+00	   2.1616814005527374e+00	   2.2275592655014558e+00	   2.2931607192915879e+00	   2.3329341952281122e+00	   2.4152514777207879e+00	   2.4491660287226980e+00	
   2.7560883593589991e+00	   2.8883626826794178e+00	   2.9570090421257662e+00	   3.1116745092030356e+00	   3.2209722902959470e+00	   3.2790618299206589e+00	   3.4304804166114429e+00	   3.4708335091594971e+00	
   2.2613574269465668e+00	   2.3523935329124184e+00	   2.4273947990581655e+00	   2.4923578033005960e+00	   2.5616895895324290e+00	   2.6245547689257016e+00	   2.6774128050297916e+00	   2.7176814443117481e+00	
   2.1330582591452072e+00	   2.1811256977807632e+00	   2.2834303640424163e+00	   2.3216636409221780e+00	   2.3574974490292897e+00	   2.4352920853208753e+00	   2.4967338594513349e+00	   2.4844053329304248e+00	
   2.6624580650634462e+00	   2.7634364751893252e+00	   2.8820677156330010e+00	   2.9837975400160466e+00	   3.0460195280479612e+00	   3.1745071104017151e+00	   3.2046434617612580e+00	   3.1735925717837588e+00	
   2.4643572946564496e+00	   2.5297869077233557e+00	   2.5992315109454922e+00	   2.6954585615792892e+00	   2.7746400204361028e+00	   2.7950824797431735e+00	   2.8264165024695314e+00	   2.9043655996719919e+00	
   2.4179007777305372e+00	   2.5455568618766748e+00	   2.5986347100438620e+00	   2.6756626488405888e+00	   2.8538374056106179e+00	   2.9737383622406122e+00	   3.0409743958275026e+00	   3.0983965008002405e+00	
   2.4283723460037789e+00	   2.4913572450127344e+00	   2.6240131577700563e+00	   2.6545562672806051e+00	   2.7006770382287559e+00	   2.7406431951743966e+00	   2.8003440244487798e+00	   2.8270648552879734e+00	
   2.2296181528215593e+00	   2.3471186989538571e+00	   2.3757462518103529e+00	   2.4251454112161301e+00	   2.4836874130628916e+00	   2.5002176612104736e+00	   2.5616115279061442e+00	   2.5794393613979811e+00	
   2.7420323530165298e+00	   2.8313692354496194e+00	   2.8939621658501604e+00	   3.0142925138249650e+00	   3.0555863178417342e+00	   3.1217836835416231e+00	   3.1982575547775007e+00	   3.2139129999954306e+00	
   2.2625828881304937e+00	   2.4300021672554082e+00	   2.5056394942487517e+00	   2.5544116457738837e+00	   2.6729078819984373e+00	   2.7491178635048299e+00	   2.8192634803962191e+00	   2.8722717551867345e+00	
   2.4627542759424839e+00	   2.5328718355960547e+00	   2.6558310422461799e+00	   2.7088415198518816e+00	   2.7427122765220848e+00	   2.7891226819051087e+00	   2.8470846070955433e+00	   2.9130072709183650e+00	
