   1.1009787615148949e+00	   1.1025401108908388e+00	   1.1043405283045402e+00	   1.1069806035380845e+00	   1.1107866210749942e+00	   1.1113403545176503e+00	   1.1113125418693788e+00	   1.1133241691047822e+00	
   1.0526502901017842e+00	   1.0562634003573810e+00	   1.0606125493087926e+00	   1.0664037575363179e+00	   1.0680673275424202e+00	   1.0725622276507445e+00	   1.0811059085292063e+00	   1.0827511377956873e+00	
   1.0576553544115661e+00	   1.0643155111151323e+00	   1.0648369987014346e+00	   1.0713550040102393e+00	   1.0748758986232276e+00	   1.0799400579131340e+00	   1.0795147380230690e+00	   1.0822011859953993e+00	
   1.0712165243854113e+00	   1.0741348969903455e+00	   1.0761470342420432e+00	   1.0796863700873460e+00	   1.0836998624337335e+00	   1.0846309422909572e+00	   1.0864053425285847e+00	   1.0883522577483074e+00	
   1.0863655415787510e+00	   1.0904775487212617e+00	   1.0945048246126858e+00	   1.0986982652788202e+00	   1.1013031792061589e+00	   1.1069554939734030e+00	   1.1072758276630625e+00	   1.1078654871582241e+00	
   1.0639168983198737e+00	   1.0675586022455716e+00	   1.0686587401511611e+00	   1.0698120634034285e+00	   1.0718543232079911e+00	   1.0729394743739440e+00	   1.0744105358285347e+00	   1.0783319342462250e+00	
   1.0745398334051379e+00	   1.0776810370932368e+00	   1.0815219337135122e+00	   1.0814770897784762e+00	   1.0842257850498074e+00	   1.0863082120027998e+00	   1.0954063037307753e+00	   1.0950673248596183e+00	
   1.0830654381394302e+00	   1.0841859529094984e+00	   1.0893456481000761e+00	   1.0923898747723042e+00	   1.0981369785147779e+00	   1.1003730577340569e+00	   1.1017826532196244e+00	   1.1030718601227205e+00	
   1.0791049599620370e+00	   1.0821303470178723e+00	   1.0865804109607033e+00	   1.0883294827058412e+00	   1.0880490306477659e+00	   1.0917866809927297e+00	   1.0919340458029838e+00	   1.0928616746715054e+00	
   1.0697018857953824e+00	   1.0756200681658799e+00	   1.0813959254348324e+00	   1.0874277707507571e+00	   1.0929971846029549e+00	   1.0961232844780882e+00	   1.0952891208626778e+00	   1.1005710790332439e+00	
   1.0626178249325264e+00	   1.0696600212700094e+00	   1.0723994478705747e+00	   1.0766637601089695e+00	   1.0776204100032221e+00	   1.0787507289034273e+00	   1.0836188629793291e+00	   1.0852610621032888e+00	
   1.0600093707801068e+00	   1.0659819914838695e+00	   1.0717916286574789e+00	   1.0713393891269316e+00	   1.0755380351937134e+00	   1.0774423410810618e+00	   1.0787251911979900e+00	   1.0817294539083331e+00	
   1.0700391935759144e+00	   1.0725747662788745e+00	   1.0788748435017417e+00	   1.0814911447026483e+00	   1.0840533594154143e+00	   1.0875709183556288e+00	   1.0901890543859805e+00	   1.0932192983351441e+00	
   1.0620831764691518e+00	   1.0653253469805384e+00	   1.0695514909264021e+00	   1.0732672328982373e+00	   1.0741203429297621e+00	   1.0789968757200386e+00	   1.0850495601518604e+00	   1.0869647165165122e+00	
   1.0575272449577149e+00	   1.0614576090007897e+00	   1.0639484380951831e+00	   1.0664062038785431e+00	   1.0736516920278638e+00	   1.0775194476380223e+00	   1.0780838287751215e+00	   1.0795387170775892e+00	
   1.0619545282605969e+00	   1.0654936210472810e+00	   1.0695476761062035e+00	   1.0725616387615020e+00	   1.0748895377149545e+00	   1.0760956951207366e+00	   1.0787887991124385e+00	   1.0818895752478235e+00	
   1.0594274699701898e+00	   1.0640974030485417e+00	   1.0677186429571097e+00	   1.0715824588284353e+00	   1.0741914845456932e+00	   1.0764700098666686e+00	   1.0805221792186432e+00	   1.0835726639945031e+00	
   1.0431759598512889e+00	   1.0455574592616481e+00	   1.0490429462932578e+00	   1.0519181647367255e+00	   1.0555676492908190e+00	   1.0574318077141913e+00	   1.0615969197744051e+00	   1.0643779752588678e+00	
   1.0858247777927383e+00	   1.0905993898046005e+00	   1.0949351437613484e+00	   1.0980026781420049e+00	   1.1043306618157243e+00	   1.1046535879566139e+00	   1.1073377417788284e+00	   1.1099589195220942e+00	
   1.0545738432566423e+00	   1.0587815458262351e+00	   1.0630204729390000e+00	   1.0652214327457235e+00	   1.0703197831696276e+00	   1.0730885663867691e+00	   1.0751468060873897e+00	   1.0783887192444439e+00	
   1.0515327808949555e+00	   1.0544873800476751e+00	   1.0585437094047538e+00	   1.0611780231323860e+00	   1.0636544580911618e+00	   1.0694177484048197e+00	   1.0713729460918076e+00	   1.0710126977547374e+00	
   1.0820737262316655e+00	   1.0878731129838561e+00	   1.0909250278631941e+00	   1.0963672575544674e+00	   1.0981787140106904e+00	   1.1019308063846105e+00	   1.1014474684297080e+00	   1.1009635600725287e+00	
   1.0782303391946673e+00	   1.0821931169984462e+00	   1.0922341044143575e+00	   1.1004688447357778e+00	   1.1050054825380249e+00	   1.1058795719000432e+00	   1.1073936555670520e+00	   1.1092363485140093e+00	
   1.0693406793987523e+00	   1.0779174484362719e+00	   1.0830230234527931e+00	   1.0828790417028609e+00	   1.0887589507385136e+00	   1.0914929808888931e+00	   1.0931960071648827e+00	   1.0950066196124342e+00	
   1.0696805782843717e+00	   1.0738026977299640e+00	   1.0779043525139032e+00	   1.0825575014428470e+00	   1.0860935998953491e+00	   1.0879857968435263e+00	   1.0905342944451435e+00	   1.0897349339122888e+00	
   1.0558149591922938e+00	   1.0613926197481265e+00	   1.0633279477066100e+00	   1.0662143303654352e+00	   1.0700690459453690e+00	   1.0730038856056341e+00	   1.0762105235514805e+00	   1.0782996026029255e+00	
   1.0907805410697993e+00	   1.0949287164112329e+00	   1.0963755008823908e+00	   1.1027158334961680e+00	   1.1020242323047722e+00	   1.1033458132398897e+00	   1.1050810497951440e+00	   1.1052271243474783e+00	
   1.0611356927343023e+00	   1.0668984377301756e+00	   1.0682341903472656e+00	   1.0688650060806424e+00	   1.0727810765259782e+00	   1.0739300425973053e+00	   1.0793374833519427e+00	   1.0801636787088400e+00	
   1.0681041165753389e+00	   1.0706136474115844e+00	   1.0751473884561538e+00	   1.0818011025983614e+00	   1.0821426666376393e+00	   1.0836984878807197e+00	   1.0864432421846353e+00	   1.0897632567286986e+00	
