   2.4714669030131571e+00	   2.5009550374038154e+00	   2.5576641250002061e+00	   2.6265211765190171e+00	   2.6174594522867478e+00	   2.6633806771820341e+00	   2.7333972147880918e+00	   2.7760410478779129e+00	
   2.0219198000583680e+00	   2.0777453045037229e+00	   2.1337184590822194e+00	   2.1951709104322239e+00	   2.2375577014705939e+00	   2.2872769640665647e+00	   2.3402140964694658e+00	   2.3459785198369620e+00	
   2.1607374295126314e+00	   2.2524931540996005e+00	   2.3106952890031183e+00	   2.4141968995336982e+00	   2.4593006126427581e+00	   2.5081758845432063e+00	   2.5248900065330631e+00	   2.5826536442525212e+00	
   2.1790502156177327e+00	   2.2057283721418690e+00	   2.2481113276737386e+00	   2.3222565693866275e+00	   2.3848193497625063e+00	   2.4145965929861868e+00	   2.4536046261603750e+00	   2.4876342527714392e+00	
   2.4854288552129677e+00	   2.5428892900690045e+00	   2.6188149719255951e+00	   2.7413158896947341e+00	   2.8407709154980023e+00	   2.9096927740325924e+00	   2.9569828570041281e+00	   3.0180433458526847e+00	
   2.3263221266778111e+00	   2.3669560403130991e+00	   2.4160168077295685e+00	   2.4528180729529652e+00	   2.5216868872595963e+00	   2.5163472787310615e+00	   2.5739927975411403e+00	   2.6064680359906012e+00	
   2.3723745109431795e+00	   2.4678458063902680e+00	   2.5553445982087699e+00	   2.5843842125691814e+00	   2.6540438630020087e+00	   2.7057212724735318e+00	   2.8121917045523221e+00	   2.7899953353733276e+00	
   2.3809805716516710e+00	   2.4278157099259410e+00	   2.5177437651629040e+00	   2.5603976486034048e+00	   2.6146480891732318e+00	   2.6274177009162831e+00	   2.6625487594947970e+00	   2.7220622592607469e+00	
   2.4392531089934297e+00	   2.5617817181990650e+00	   2.6431276221081319e+00	   2.6527481611212922e+00	   2.7277707576360366e+00	   2.7782980913239195e+00	   2.8265940438747195e+00	   2.8671379021765957e+00	
   2.3283830694466898e+00	   2.4221414163017045e+00	   2.4877451869401606e+00	   2.5622511227231253e+00	   2.6579238800545362e+00	   2.7196618566257418e+00	   2.7705273847034420e+00	   2.8083531872068699e+00	
   2.2284679397099465e+00	   2.3457732729366096e+00	   2.3998164631884902e+00	   2.5432305794891268e+00	   2.6125923997453944e+00	   2.6370149339601796e+00	   2.6879108225696604e+00	   2.6758487471792112e+00	
   2.2285636946779759e+00	   2.3021868226926947e+00	   2.3848084314303719e+00	   2.3947798370953755e+00	   2.4753801146272392e+00	   2.4866560608826527e+00	   2.5415160046680416e+00	   2.5949786212768711e+00	
   2.1613416937255785e+00	   2.2048809625184833e+00	   2.2709768714131289e+00	   2.3486629218815276e+00	   2.3951442197388393e+00	   2.4465347952802050e+00	   2.5186043623134573e+00	   2.5697936542421616e+00	
   2.2902503855886884e+00	   2.3536898978450624e+00	   2.4354281092852874e+00	   2.4965118205898316e+00	   2.5242548806061609e+00	   2.5581170943405112e+00	   2.6647996254265705e+00	   2.6987873087681211e+00	
   2.0441030847090125e+00	   2.1452518053848855e+00	   2.2034638076959712e+00	   2.2495338524499164e+00	   2.3135142771169428e+00	   2.3469697946673369e+00	   2.4250950289661080e+00	   2.4100343238864625e+00	
   2.2293516719371365e+00	   2.2893200754003984e+00	   2.3632096791008612e+00	   2.4489019483444290e+00	   2.4782533591875775e+00	   2.5604527026747843e+00	   2.6120055768940249e+00	   2.6511079910852859e+00	
   2.2484644574309964e+00	   2.3180813835026113e+00	   2.3801683912369436e+00	   2.4624817044324843e+00	   2.5145762784058663e+00	   2.5673266144932612e+00	   2.5962514102556358e+00	   2.6781863857118857e+00	
   1.9557184076699681e+00	   1.9922527429178976e+00	   2.0606224065382008e+00	   2.1176165030470506e+00	   2.1724431596897111e+00	   2.2062266126372010e+00	   2.2751116103784867e+00	   2.3010303535518344e+00	
   2.5382441216358758e+00	   2.6484176588407200e+00	   2.7006248351548710e+00	   2.8339407281487543e+00	   2.9166737841002002e+00	   2.9684073502049282e+00	   3.0979531241305982e+00	   3.1269927635284960e+00	
   2.1443329373344229e+00	   2.2217930999890019e+00	   2.2834882872452997e+00	   2.3397555913574459e+00	   2.3933871258048534e+00	   2.4457951106150762e+00	   2.4902764811935527e+00	   2.5201315590688380e+00	
   2.0285228362826402e+00	   2.0684227607182466e+00	   2.1571431994305152e+00	   2.1878173033296431e+00	   2.2164128877530991e+00	   2.2772130806258271e+00	   2.3304059231278984e+00	   2.3196786911478386e+00	
   2.4605144737553952e+00	   2.5402194816725232e+00	   2.6418568114420622e+00	   2.7215310558175911e+00	   2.7737011191225012e+00	   2.8808588452274440e+00	   2.9094837054099338e+00	   2.8825591389915672e+00	
   2.2855573666171218e+00	   2.3376483069305900e+00	   2.3797384648954614e+00	   2.4493728963553418e+00	   2.5109739854531656e+00	   2.5274745557880798e+00	   2.5523141551883248e+00	   2.6183469407244280e+00	
   2.2611136229195234e+00	   2.3615508456324723e+00	   2.3994270239603375e+00	   2.4708785984379440e+00	   2.6211838751588110e+00	   2.7244686079601270e+00	   2.7817284145722678e+00	   2.8295687398646820e+00	
   2.2701845722005833e+00	   2.3201257086422893e+00	   2.4343654904540437e+00	   2.4521157201742882e+00	   2.4865969548931881e+00	   2.5190064090225941e+00	   2.5678642466476269e+00	   2.5942683558270874e+00	
   2.1117508644954541e+00	   2.2113576590638435e+00	   2.2342554401343180e+00	   2.2745383757737843e+00	   2.3210534147061881e+00	   2.3301105380427205e+00	   2.3802141605648495e+00	   2.3921360586347515e+00	
   2.5138258795185702e+00	   2.5858936687036480e+00	   2.6395720841272232e+00	   2.7335170333667289e+00	   2.7727033837098887e+00	   2.8293791901695324e+00	   2.8941384483702643e+00	   2.9079208510132362e+00	
   2.1322276723161941e+00	   2.2776321356559799e+00	   2.3455900558979570e+00	   2.3898356024775329e+00	   2.4915688209697002e+00	   2.5598668018040303e+00	   2.6120314766062225e+00	   2.6591078850383751e+00	
   2.3057249173786638e+00	   2.3658131406411287e+00	   2.4702018260582781e+00	   2.5040106849083044e+00	   2.5345200416540785e+00	   2.5737072747600820e+00	   2.6205553097928851e+00	   2.6730643127597862e+00	
