   3.6348871750013978e+00	
   3.5840664103840072e+00	
   3.3797293333189105e+00	
   3.6489577874468901e+00	
   3.4924944129756215e+00	
   3.4388270277671391e+00	
   3.4200187732484255e+00	
   3.5610771444202065e+00	
   3.4925076759253351e+00	
   3.4764710190914405e+00	
   3.3735311464795825e+00	
   3.4420610692165563e+00	
   3.6527198118175459e+00	
   3.3510960322301351e+00	
   3.6506509999584562e+00	
   3.6113280465334689e+00	
   3.3406891155422143e+00	
   3.5462305750455063e+00	
   3.5803222572373947e+00	
   3.4660307661883283e+00	
   3.3513899224445063e+00	
   3.6153105671513326e+00	
   3.3441799815352091e+00	
   3.3691011515203670e+00	
   3.6061574934561698e+00	
   3.4991743295233517e+00	
   3.6091038632937784e+00	
   3.6829017230895031e+00	
   3.5833742465486944e+00	
   3.5335668949904120e+00	
   3.4402560064784620e+00	
   3.5635588377957741e+00	
   3.5435954170657693e+00	
   3.6211622563516004e+00	
   3.4868636135529054e+00	
   3.7927267350129181e+00	
