   1.8265455707502319e+01	
   1.5632915296287029e+01	
   2.1085117093709528e+01	
   1.7290139092207120e+01	
   1.6911761133913508e+01	
   1.8385938659627250e+01	
   2.2961019699599614e+01	
   1.7194325199201248e+01	
   1.6127290907205886e+01	
   1.8767594814693865e+01	
   1.8139398354279265e+01	
   2.1433622053573444e+01	
   1.7271087114789367e+01	
   2.1145435567271463e+01	
   2.1005188715738235e+01	
   1.7816503416394049e+01	
   1.9568494218642954e+01	
   1.7311158908742961e+01	
   1.8310349219763154e+01	
   2.1409536633413918e+01	
   1.9365866549115925e+01	
   1.8994305044877581e+01	
   1.8039115600169222e+01	
   1.9495234181968073e+01	
   1.7681519922978087e+01	
   2.0702146150843731e+01	
   1.7981216504381472e+01	
   1.7389258349630026e+01	
   2.1666845687130948e+01	
   1.5002596562638317e+01	
   1.6763407803720817e+01	
   1.7918800755027203e+01	
   1.8294407258781764e+01	
   2.0104474390083059e+01	
   1.8064642186143640e+01	
   2.0608842051781586e+01	
