   7.5562121020002726e+00	
   7.4433449436738197e+00	
   7.6413468518476808e+00	
   7.5022206592974587e+00	
   7.4178891769249962e+00	
   7.5110710761696682e+00	
   7.8590527701046380e+00	
   7.4942084912241054e+00	
   7.4168890268700736e+00	
   7.4999838944225061e+00	
   7.5438779328980283e+00	
   7.6503722762905984e+00	
   7.5407378635108522e+00	
   7.6380920931527498e+00	
   7.6049689814074499e+00	
   7.4999646210201973e+00	
   7.6186549391897511e+00	
   7.5040906861761982e+00	
   7.5347250510488371e+00	
   7.7079293777697764e+00	
   7.6687569318136379e+00	
   7.5574245062544465e+00	
   7.5132587662548849e+00	
   7.5890777454160840e+00	
   7.6115159734027760e+00	
   7.7333029891703902e+00	
   7.5334119123283765e+00	
   7.4735593835783263e+00	
   7.6957965695625576e+00	
   7.3374520704835096e+00	
   7.4191677378142424e+00	
   7.5282625298924355e+00	
   7.5720755606757564e+00	
   7.6476733307380380e+00	
   7.5384473500606282e+00	
   7.7629870644134069e+00	
