   1.3224848831348888e+01	
   1.2883386467569025e+01	
   1.4136634967758949e+01	
   1.2996307582371781e+01	
   1.2847486778878540e+01	
   1.3420133818675659e+01	
   1.4632284444003611e+01	
   1.2998378797169972e+01	
   1.2972862491991220e+01	
   1.3321388277836324e+01	
   1.3368536136868048e+01	
   1.4046686359142916e+01	
   1.3262225949418726e+01	
   1.4101223758729038e+01	
   1.3753313093343698e+01	
   1.3190929338061073e+01	
   1.3658188132826687e+01	
   1.3168139125356507e+01	
   1.3109372009273963e+01	
   1.4007471847758262e+01	
   1.3785787359706116e+01	
   1.3252982968543158e+01	
   1.3555830953386813e+01	
   1.3563567664129661e+01	
   1.3354474307018883e+01	
   1.4141171394436071e+01	
   1.3136924939719586e+01	
   1.2872630401354447e+01	
   1.3999118143159446e+01	
   1.2570699807957263e+01	
   1.3118271194910866e+01	
   1.3172953278128830e+01	
   1.3079166866819788e+01	
   1.3600418648325917e+01	
   1.3304807055817218e+01	
   1.3742875020943957e+01	
