   1.6912097623124453e+01	
   1.4698744345150375e+01	
   1.9307460849566947e+01	
   1.6127487978995951e+01	
   1.5954280419222929e+01	
   1.7130512160127271e+01	
   2.0443991882634570e+01	
   1.6056176206219419e+01	
   1.5219068309257782e+01	
   1.7510968115751254e+01	
   1.6822080788591308e+01	
   1.9604545819715081e+01	
   1.6030605633655220e+01	
   1.9371444582379731e+01	
   1.9326928011045776e+01	
   1.6624509339104119e+01	
   1.7973046651197976e+01	
   1.6144972230597691e+01	
   1.7007675403389229e+01	
   1.9438632057622879e+01	
   1.7670359224204290e+01	
   1.7589077975154385e+01	
   1.6800670556291429e+01	
   1.7974827484878045e+01	
   1.6255623187933352e+01	
   1.8731019199840301e+01	
   1.6706555266603807e+01	
   1.6282389819679672e+01	
   1.9701689195256673e+01	
   1.4309304365288725e+01	
   1.5813209963651698e+01	
   1.6658570419153122e+01	
   1.6908171716646340e+01	
   1.8395382862825311e+01	
   1.6770483202512004e+01	
   1.8578384483690748e+01	
