   3.4319935864614486e+00	
   3.3684795696683452e+00	
   3.4334823972560544e+00	
   3.4990491320061023e+00	
   3.6425582132866818e+00	
   3.4311025101618542e+00	
   3.6114223341813569e+00	
   3.5912173209393519e+00	
   3.4361850915524221e+00	
   3.4336900128128565e+00	
   3.6969700487069992e+00	
   3.6461976847593052e+00	
   3.5935423838360077e+00	
   3.6358025824042204e+00	
   3.6711676997542373e+00	
   3.5000130527458824e+00	
   3.2747145768454931e+00	
   3.4888931553434883e+00	
   3.9332024883159065e+00	
   3.4985378983192730e+00	
   4.4701796315760642e+00	
   3.7256894216711602e+00	
   3.4499931145223011e+00	
   3.4790329513045339e+00	
   3.5042551837944047e+00	
   3.5423643691799018e+00	
   3.4925999602113897e+00	
   3.1950208786529632e+00	
   3.6346172767827287e+00	
   3.4109971318407291e+00	
   3.5649209403460524e+00	
   3.4038672235547431e+00	
   3.3939166610783982e+00	
   3.4537614187708212e+00	
   3.4466003085606864e+00	
   3.5902130411236204e+00	
   3.4959902109510912e+00	
   3.5576374488790412e+00	
