   1.7973077984499135e+01	
   2.1897999016754085e+01	
   2.2110949629067488e+01	
   2.0246606084967517e+01	
   1.6576280032713697e+01	
   2.0481470126827588e+01	
   1.8200767251828040e+01	
   1.5520053692513235e+01	
   1.7343857321945023e+01	
   1.9465744270934358e+01	
   1.7057249220737930e+01	
   2.1915467448212691e+01	
   1.9963731019939555e+01	
   1.6968147229568384e+01	
   1.8617272073425298e+01	
   1.8479593052373541e+01	
   1.9949981869708470e+01	
   2.1145255953375809e+01	
   2.2492743067405343e+01	
   2.3307068003444847e+01	
   2.1073348851891748e+01	
   2.4077239560310623e+01	
   2.2313963069437406e+01	
   1.6563403871538604e+01	
   1.9423617838949433e+01	
   2.0136447527396321e+01	
   1.8639779065676908e+01	
   2.5877041591966716e+01	
   2.0054347457276410e+01	
   1.8335372901513324e+01	
   1.7235383442300108e+01	
   2.3300098373466373e+01	
   1.7108806661768671e+01	
   1.7960652424521310e+01	
   1.8560925327551931e+01	
   1.8445928212480709e+01	
   2.2983077172260280e+01	
   1.7199798271992272e+01	
