   7.5863446910850367e+00	
   7.7049733525828170e+00	
   7.8022626271516540e+00	
   7.6093145271959211e+00	
   7.4542552068666872e+00	
   7.7293421666271547e+00	
   7.5070388675363890e+00	
   7.4517034646533888e+00	
   7.4934796024885912e+00	
   7.6305790399643145e+00	
   7.5446956259256606e+00	
   7.7215993391180913e+00	
   7.6702093088271761e+00	
   7.4586723954619520e+00	
   7.5317968787363707e+00	
   7.6012529672358529e+00	
   7.5424277945975655e+00	
   7.6686389878430585e+00	
   7.8031204973326096e+00	
   7.6629311404119420e+00	
   7.6795409394349043e+00	
   7.9446180037038001e+00	
   7.8433161433733112e+00	
   7.4810390751310702e+00	
   7.5987746588088179e+00	
   7.5700389261386150e+00	
   7.6284757662098208e+00	
   7.9395380468013270e+00	
   7.6689420791048208e+00	
   7.5448529995780689e+00	
   7.5416272330337559e+00	
   7.8329374777523775e+00	
   7.5744083280078591e+00	
   7.5655877684053721e+00	
   7.5506403660074657e+00	
   7.5909842178755076e+00	
   7.7541378038807087e+00	
   7.5056793496303991e+00	
