   1.3483961486367820e+01	
   1.4191527867966080e+01	
   1.4257293002991805e+01	
   1.3750466286513673e+01	
   1.2899346932466909e+01	
   1.4372515548031465e+01	
   1.3174164820411503e+01	
   1.2869708408818758e+01	
   1.3293350293449222e+01	
   1.3773420316252716e+01	
   1.3189179403521367e+01	
   1.4101422987308924e+01	
   1.3706846540934784e+01	
   1.3020758112725819e+01	
   1.3274442216522731e+01	
   1.3658238851058773e+01	
   1.3872968561935732e+01	
   1.3927776991413909e+01	
   1.5720251487309358e+01	
   1.4373351348357758e+01	
   1.4155587459824890e+01	
   1.4727394879739222e+01	
   1.4539208598955636e+01	
   1.3106785034892114e+01	
   1.3552028760233997e+01	
   1.3666542821453508e+01	
   1.3550284097556482e+01	
   1.5615292483053739e+01	
   1.3641541604802949e+01	
   1.3486929135959823e+01	
   1.3177539663019218e+01	
   1.4759947701055992e+01	
   1.3578088281570885e+01	
   1.3272508051478617e+01	
   1.3628968749150685e+01	
   1.3403476852757162e+01	
   1.4484890476776901e+01	
   1.3004641438860812e+01	
