   1.6578095757684984e+01	
   1.9884170190792361e+01	
   1.9834379338619378e+01	
   1.8619270061155575e+01	
   1.5562246004130536e+01	
   1.8540650464575531e+01	
   1.6964925251620816e+01	
   1.4574037446111110e+01	
   1.6196902474173839e+01	
   1.7853567524478862e+01	
   1.5820546513756147e+01	
   1.9862503408964155e+01	
   1.8216777816567873e+01	
   1.5919163796386488e+01	
   1.7298848271585314e+01	
   1.7013299023548203e+01	
   1.8509759936843633e+01	
   1.9293380761284055e+01	
   2.0177565186657052e+01	
   2.1282754532005448e+01	
   1.9209157697784381e+01	
   2.1209772919145692e+01	
   1.9907242529481650e+01	
   1.5494521372387517e+01	
   1.7885700346758586e+01	
   1.8615396811419618e+01	
   1.7101045020020010e+01	
   2.2808162134283457e+01	
   1.8299223789652626e+01	
   1.7006529074988538e+01	
   1.5995089005727628e+01	
   2.0819337303802506e+01	
   1.5806838766449790e+01	
   1.6613109522562382e+01	
   1.7204573883592769e+01	
   1.7004289081189036e+01	
   2.0741280347975547e+01	
   1.6038042584650796e+01	
