   5.0429466557387914e-01	   5.0025527721318486e-01	   4.9390233387113963e-01	   4.9631805309491217e-01	   4.9167002758579659e-01	   4.8004145759994604e-01	   4.7861926225517137e-01	   4.7807968410871682e-01	
   4.9882154269225826e-01	   4.9002753069900590e-01	   4.8978339648250369e-01	   4.7825688718119275e-01	   4.7469655256708243e-01	   4.7284155349327867e-01	   4.7493292757572381e-01	   4.7705990064685722e-01	
   5.1266301642550127e-01	   5.0130743252715704e-01	   4.9538249149417102e-01	   4.9016567270841072e-01	   4.8303104308084782e-01	   4.8444227141651647e-01	   4.8234882967664405e-01	   4.8094629627911356e-01	
   5.1749853926373024e-01	   5.1444415856209347e-01	   5.0079740776166948e-01	   4.9820606534460654e-01	   4.9891396427399481e-01	   4.9448084117929769e-01	   4.8981861460339943e-01	   4.8727762129835084e-01	
   5.3534673525936227e-01	   5.3153733874149800e-01	   5.2848054126660982e-01	   5.1987446233589718e-01	   5.1866914727950297e-01	   5.1275821165608371e-01	   5.0964791203869342e-01	   5.0783446467743243e-01	
   5.0569753367004355e-01	   5.0102478766841863e-01	   4.9007162638225593e-01	   4.8843347166790574e-01	   4.8509976368851493e-01	   4.8689249482696340e-01	   4.8714731790015581e-01	   4.7916856238523575e-01	
   5.3674860102278499e-01	   5.3305520713689891e-01	   5.1784397735796106e-01	   5.1561406379335650e-01	   5.1027767418199055e-01	   5.0807347975976913e-01	   5.0689728369763076e-01	   5.0257269548471450e-01	
   5.3261311904259989e-01	   5.2372036723733784e-01	   5.1849404959424716e-01	   5.1410012015397399e-01	   5.1183057756909156e-01	   5.0541311256522292e-01	   5.0136584310101684e-01	   4.9997338239432387e-01	
   5.1565239069012259e-01	   5.1012156535630537e-01	   4.9984631796918039e-01	   4.8746169042532389e-01	   4.8576043561345900e-01	   4.8359666055286443e-01	   4.7469761458954696e-01	   4.7374922340136161e-01	
   5.0513695617706178e-01	   4.9907080836151063e-01	   4.9144233983988223e-01	   4.9145436557879946e-01	   4.8624882096720945e-01	   4.8575674776574401e-01	   4.8652736748900433e-01	   4.8124216944435083e-01	
   5.4298950310896354e-01	   5.3570878904321106e-01	   5.3590844018610095e-01	   5.3135581961040002e-01	   5.2709155092396620e-01	   5.2129243033416750e-01	   5.1768040088895195e-01	   5.1287573233144113e-01	
   5.3134798874246369e-01	   5.2479997534957823e-01	   5.2355000290785736e-01	   5.2178250629020129e-01	   5.2135843677020155e-01	   5.1928981015926312e-01	   5.1303378662354748e-01	   5.1341834457484836e-01	
   5.3439229108167607e-01	   5.2629455351163901e-01	   5.1651988753233868e-01	   5.1381792315547004e-01	   5.1240470873917121e-01	   5.0516267895684142e-01	   5.0230343727991833e-01	   4.9968609823958227e-01	
   5.4014078891860762e-01	   5.3246771502759849e-01	   5.2665268176452085e-01	   5.1584578264520986e-01	   5.1342093078734508e-01	   5.1431737716632375e-01	   5.0987328948458177e-01	   5.0630882213867334e-01	
   5.3357141641858263e-01	   5.2932471858627206e-01	   5.3099777572325324e-01	   5.2851926842832830e-01	   5.2547625124919817e-01	   5.1777579828077869e-01	   5.1539479807442445e-01	   5.1378676240538179e-01	
   5.1669870762635395e-01	   5.1093222084591250e-01	   5.0774569588193796e-01	   5.0230164148186152e-01	   4.9729860566947948e-01	   4.9084804769288998e-01	   4.8892121786919207e-01	   4.8723253898286428e-01	
   4.8049393428418308e-01	   4.7463918153413531e-01	   4.6925305025726793e-01	   4.6650021463657226e-01	   4.6394980767675614e-01	   4.6406129470505564e-01	   4.6559378672325680e-01	   4.6094054834071435e-01	
   5.1577681135151010e-01	   4.9983106748849865e-01	   5.0065930107249401e-01	   5.0058075737253438e-01	   5.0250230923760342e-01	   4.9816974059660379e-01	   4.8681545245050128e-01	   4.8489224289899574e-01	
   5.7815590610480005e-01	   5.6856323479312221e-01	   5.6300466899145507e-01	   5.6633291393151408e-01	   5.6201206194150521e-01	   5.5540878047866427e-01	   5.5357387641017120e-01	   5.5045799743414947e-01	
   5.1207056341935420e-01	   5.0831838376613370e-01	   4.9968296628282266e-01	   4.9050071123427791e-01	   4.9701449077470977e-01	   5.0062879327307030e-01	   5.0012489660322468e-01	   4.9246474935071421e-01	
   6.3997418516996041e-01	   6.3526062806352868e-01	   6.3443624748339711e-01	   6.3752651888362921e-01	   6.4045902248140330e-01	   6.4347240723328147e-01	   6.3975880217064429e-01	   6.3855782535039807e-01	
   5.4219216960332861e-01	   5.4055980501901890e-01	   5.4088212443643857e-01	   5.3114269343674381e-01	   5.2934321345054058e-01	   5.2526911283877231e-01	   5.2636949132439781e-01	   5.2205379272716745e-01	
   5.1976837763595851e-01	   5.1122913095827061e-01	   4.9426824974363898e-01	   4.9058299458510357e-01	   4.8817088378435802e-01	   4.8729938324107580e-01	   4.8073721141832598e-01	   4.7564214394709747e-01	
   5.1912014143943963e-01	   5.0603862947463285e-01	   4.9722453820476997e-01	   4.9705980467600874e-01	   4.9531082751639305e-01	   4.9091959480299724e-01	   4.8924840295184352e-01	   4.8734216591633800e-01	
   5.1828056567912639e-01	   5.1196188305305779e-01	   5.0845574848616970e-01	   4.9996879425811092e-01	   4.9718932469111948e-01	   4.9240168831681824e-01	   4.9087826249220795e-01	   4.8851839931471558e-01	
   5.2741543413300773e-01	   5.1460819875415764e-01	   5.0879273941095116e-01	   5.0920835003468767e-01	   5.0340623021842268e-01	   4.9736253929353058e-01	   4.9698431053333009e-01	   4.9658856773663618e-01	
   5.1795997440786867e-01	   5.0878799775240269e-01	   5.1039923846813295e-01	   5.0351051628541532e-01	   4.9514769407235099e-01	   4.9045701237016515e-01	   4.8405530136284985e-01	   4.8252442539227813e-01	
   4.7435277576454049e-01	   4.6796512342346247e-01	   4.6126206196516240e-01	   4.5626871108945866e-01	   4.5381831389571325e-01	   4.5175547687415590e-01	   4.4576397516026006e-01	   4.4202165672495908e-01	
   5.2230018367642705e-01	   5.2245656883599778e-01	   5.2534668396751671e-01	   5.2468937925373671e-01	   5.1823427921948728e-01	   5.1296093804143339e-01	   5.1318070697792073e-01	   5.1319725729684451e-01	
   5.0282881780819655e-01	   5.0710728344730438e-01	   4.9701686809473861e-01	   4.8104402436710508e-01	   4.8027620780048202e-01	   4.8007695052023586e-01	   4.7781625843798864e-01	   4.7249026053755266e-01	
   5.2446923823606639e-01	   5.1782173036268841e-01	   5.1584595910496667e-01	   5.1488685663580591e-01	   5.0950947163662275e-01	   5.0303897441889611e-01	   4.9602685058025725e-01	   4.9111295697756391e-01	
   4.9806823275320605e-01	   4.9436281884244820e-01	   4.9512494893154019e-01	   4.8995660718851364e-01	   4.8201868466922093e-01	   4.8068234505092317e-01	   4.7792542424895368e-01	   4.6952455649308078e-01	
   4.9974929497096510e-01	   4.9560504942270484e-01	   4.9249711201788571e-01	   4.8604591693446203e-01	   4.8330485218167757e-01	   4.7908437990898722e-01	   4.7355210567873463e-01	   4.6790519489692739e-01	
   5.1240857422574537e-01	   4.9932340615384541e-01	   4.9240318663628085e-01	   4.8900632787605169e-01	   4.8614953733138505e-01	   4.8904899328582691e-01	   4.9394899066662135e-01	   4.9535337941587476e-01	
   5.0639181311814840e-01	   5.0392871372828296e-01	   4.9646467950519635e-01	   4.9223322521897178e-01	   4.9322248734598984e-01	   4.8762262030179104e-01	   4.8133272857930792e-01	   4.7719989464414314e-01	
   5.2709907906361098e-01	   5.2300628825431494e-01	   5.1845385911198227e-01	   5.1162260640525004e-01	   5.0802047241730552e-01	   5.0894766435348227e-01	   5.0471667319359181e-01	   5.0379187571177642e-01	
   5.1597885094817586e-01	   5.0577185650652801e-01	   5.0029733365285478e-01	   5.0047645085106385e-01	   5.0679119140322237e-01	   4.9434725825334697e-01	   4.8846859450987423e-01	   4.8369620060022545e-01	
   5.3252280377532379e-01	   5.2222052762761095e-01	   5.1347976171604293e-01	   5.0699700467044662e-01	   5.0528521270171123e-01	   4.9897391658344237e-01	   4.9661570546166950e-01	   4.9560783646091217e-01	
