   2.1394789261275418e+00	   2.2138021731956998e+00	   2.2949776859460669e+00	   2.3696126125644703e+00	   2.3997554949726454e+00	   2.4631362761288011e+00	   2.5116177578732821e+00	   2.5109085878804924e+00	
   2.5694828831644383e+00	   2.6225715743652587e+00	   2.7336198406844732e+00	   2.8102448038330330e+00	   2.8598494690838452e+00	   2.9566849431092899e+00	   3.0505091225234273e+00	   3.1318979912216358e+00	
   2.6511022377680291e+00	   2.7491426057460688e+00	   2.7597898367223093e+00	   2.8047190679346308e+00	   2.8650219297290600e+00	   2.8997057433350171e+00	   2.9460491026387641e+00	   2.9687998672590328e+00	
   2.4214945717780290e+00	   2.4608306021303812e+00	   2.5635076613471290e+00	   2.6168187361807074e+00	   2.7206991242026128e+00	   2.7777208566629272e+00	   2.8336111010069329e+00	   2.8706693874717382e+00	
   2.0525171661840487e+00	   2.0981121967423348e+00	   2.1613371550029457e+00	   2.2291187920502402e+00	   2.2839531042289805e+00	   2.2849071857135392e+00	   2.3220015120892081e+00	   2.3131149504225257e+00	
   2.4208932066492905e+00	   2.4913307040089681e+00	   2.5362764997476717e+00	   2.6302972987372302e+00	   2.6986622470764963e+00	   2.7552504075476736e+00	   2.8020913364021776e+00	   2.8325907354613364e+00	
   2.1977114639190769e+00	   2.2937519006766749e+00	   2.3343537398360734e+00	   2.3863389537430564e+00	   2.4376476509521319e+00	   2.5166157945233598e+00	   2.5808898495995058e+00	   2.6329432606609466e+00	
   1.8908715964400638e+00	   1.9545560739865908e+00	   2.0059406517034670e+00	   2.0410619065565414e+00	   2.1025754219565016e+00	   2.1642163082781365e+00	   2.2146881046459557e+00	   2.2911263615277666e+00	
   2.0677850774213198e+00	   2.1497436801750451e+00	   2.2162619868933424e+00	   2.3180580096053278e+00	   2.3449576398910068e+00	   2.4045897769883422e+00	   2.4619836560682709e+00	   2.5348303716836895e+00	
   2.3440061979782532e+00	   2.4388089149169709e+00	   2.4647878620098154e+00	   2.5297837745718303e+00	   2.5926495121927737e+00	   2.6401815492366985e+00	   2.6624010979790733e+00	   2.7059034291651467e+00	
   2.0772225037820058e+00	   2.1457677070097323e+00	   2.1799326815410489e+00	   2.2630750821168357e+00	   2.2967737560721253e+00	   2.3217623356885744e+00	   2.3742461032706830e+00	   2.4007551923322925e+00	
   2.5846139660766125e+00	   2.6830575734109585e+00	   2.7655000255861983e+00	   2.8179556822041869e+00	   2.8801033229322712e+00	   2.9303472499981709e+00	   2.9725688830631936e+00	   3.0413273774617453e+00	
   2.4608609188327311e+00	   2.5079922620899628e+00	   2.5425950519239144e+00	   2.5738329426293194e+00	   2.6168798824347421e+00	   2.6866384715715990e+00	   2.6832452193320773e+00	   2.7503270543397926e+00	
   2.0628279349124177e+00	   2.1211869930798457e+00	   2.1929536778399967e+00	   2.2489267091949650e+00	   2.2884767530653227e+00	   2.3853763374542316e+00	   2.4225026295715910e+00	   2.4566534574486552e+00	
   2.2820092076580614e+00	   2.3446297294274228e+00	   2.3998948010699239e+00	   2.4367595562475310e+00	   2.5077920034485746e+00	   2.5479130802748715e+00	   2.5833877246952301e+00	   2.6749335451854446e+00	
   2.2430235357491974e+00	   2.2988662419474242e+00	   2.3534922777937126e+00	   2.4097011523642222e+00	   2.4774461420504124e+00	   2.5076621428969652e+00	   2.5448600776777295e+00	   2.5995184418862740e+00	
   2.3407399782607818e+00	   2.4268773822438878e+00	   2.5268401977523376e+00	   2.5885321627461884e+00	   2.7205063543288204e+00	   2.7988681425978608e+00	   2.8269526458332912e+00	   2.9016261244217136e+00	
   2.4652566487088343e+00	   2.5820120265738717e+00	   2.6678819109307774e+00	   2.7202999009812543e+00	   2.8353032454012945e+00	   2.8782823636495638e+00	   2.9124041426490215e+00	   2.9291376934877134e+00	
   2.7937526013656138e+00	   2.8086629981093210e+00	   2.8642550440345715e+00	   2.8863964308669234e+00	   2.9029886561034508e+00	   2.9033301517193557e+00	   2.9020734127486110e+00	   3.0259643847840199e+00	
   2.7300544374064888e+00	   2.8997701680674592e+00	   2.9268418140402459e+00	   2.9551153852035630e+00	   3.0873547581370331e+00	   3.1421920684408233e+00	   3.2628716219998233e+00	   3.2871629948265144e+00	
   2.6863757491630831e+00	   2.6733741167739726e+00	   2.6768236136047014e+00	   2.7231538008128577e+00	   2.7462574083759890e+00	   2.8295710347174863e+00	   2.7909275759908017e+00	   2.8517245458540499e+00	
   2.8060867619011440e+00	   2.9152017550486535e+00	   2.9790345324233485e+00	   2.9905517325754851e+00	   3.0463954652298550e+00	   3.0885289007523431e+00	   3.1686740969551241e+00	   3.2366861104206288e+00	
   2.5574492263079263e+00	   2.6635435468937878e+00	   2.7123928797093169e+00	   2.8578882562772168e+00	   2.9016340455103156e+00	   2.9451441321668841e+00	   3.0106152005637847e+00	   3.0745997104127611e+00	
   1.9933664505038386e+00	   2.0880301981970395e+00	   2.1348093875113174e+00	   2.2276654126469912e+00	   2.2344323636383061e+00	   2.2871095798771504e+00	   2.3344612344314934e+00	   2.3826599416666041e+00	
   2.3080620133563712e+00	   2.4152738339633109e+00	   2.4680248028797376e+00	   2.5180108005249777e+00	   2.6032197733990103e+00	   2.6658467902157725e+00	   2.6982344180540898e+00	   2.7261178420870071e+00	
   2.3970107052197562e+00	   2.4703001929032267e+00	   2.5974981834284958e+00	   2.6072165255505784e+00	   2.7035625596840998e+00	   2.7668231909970111e+00	   2.8259541334950726e+00	   2.8910733455025075e+00	
   2.2617032693832315e+00	   2.3209588501295260e+00	   2.3905753547514106e+00	   2.4439219290473888e+00	   2.4792202788555571e+00	   2.4966349792827836e+00	   2.5326615242537591e+00	   2.6124409380159368e+00	
   3.0022259111649956e+00	   3.0787689706126855e+00	   3.1353360759699260e+00	   3.1516156680113832e+00	   3.3034443856804234e+00	   3.4427088356512066e+00	   3.4426473850358512e+00	   3.5050557154789628e+00	
   2.3772559468542536e+00	   2.4670448131636129e+00	   2.5361342148935915e+00	   2.6079054606497487e+00	   2.6512827335391935e+00	   2.6935545096327798e+00	   2.7649148712805327e+00	   2.7795184261320820e+00	
   2.2187066003546714e+00	   2.3264261496940186e+00	   2.3900980671790300e+00	   2.4067393704573528e+00	   2.4553964331462823e+00	   2.4930067241086622e+00	   2.5185908662601437e+00	   2.6138363279314247e+00	
   2.1198930944784715e+00	   2.1937121096052103e+00	   2.2639402938868853e+00	   2.2954651981467928e+00	   2.3418763543381895e+00	   2.3221274505313207e+00	   2.3315007195543900e+00	   2.3730406648512030e+00	
   2.7722147998610867e+00	   2.8702764670945284e+00	   2.8763723224398521e+00	   2.9397632661596673e+00	   2.9759090653016793e+00	   3.0264700242329408e+00	   3.1337179266213910e+00	   3.2214416640438155e+00	
   2.0686774215227959e+00	   2.1205480761537681e+00	   2.1773370099971410e+00	   2.2740426374666840e+00	   2.3240368407843874e+00	   2.3181097871251066e+00	   2.3724887579692653e+00	   2.3718738923840852e+00	
   2.1708752243970251e+00	   2.2408761540572781e+00	   2.2808552899784034e+00	   2.3522670208068321e+00	   2.3954721386481332e+00	   2.4514462453877877e+00	   2.5365979887286922e+00	   2.5403141455134941e+00	
   2.2555946952897759e+00	   2.3322962657552595e+00	   2.4007482944354339e+00	   2.4149259296048684e+00	   2.5045900345746333e+00	   2.5689128964721424e+00	   2.5628529917024911e+00	   2.5849002468061038e+00	
   2.2209826857510104e+00	   2.3016664289214872e+00	   2.3440201510056871e+00	   2.3833512151656233e+00	   2.4776468576699537e+00	   2.5237478883621884e+00	   2.5591848314557115e+00	   2.6083607314657624e+00	
   2.7026984563112739e+00	   2.8083888865253299e+00	   2.8811655057183789e+00	   2.8592386729082904e+00	   3.0335984935350275e+00	   3.0992212447109169e+00	   3.1222196470373023e+00	   3.1721973387693305e+00	
   2.1305088818851758e+00	   2.1912066057409967e+00	   2.2395636338385634e+00	   2.2762811517411103e+00	   2.3061708245278036e+00	   2.3739168489949032e+00	   2.3811351964141876e+00	   2.4090277649012863e+00	
