   3.4844714939658759e+00	
   3.8010528506034125e+00	
   3.7108926342072412e+00	
   3.7287307532251353e+00	
   3.4503204327923425e+00	
   3.6785934248855598e+00	
   3.5226466916354560e+00	
   3.5592280482729923e+00	
   3.5439429879317510e+00	
   3.5850582605076982e+00	
   3.6237224302954645e+00	
   3.7351019558884730e+00	
   3.6362421972534342e+00	
   3.6865168539325843e+00	
   3.7556408655846862e+00	
   3.6571930919683728e+00	
   3.6629400749063672e+00	
   3.8478984602580102e+00	
   3.4407095297544741e+00	
   3.7628526841448195e+00	
   3.7945484810653358e+00	
   3.4209696213066998e+00	
   3.6882646691635452e+00	
   3.6150228880565956e+00	
   3.6721493965875984e+00	
   3.7835830212234702e+00	
   3.4961922596754063e+00	
   3.6416292134831458e+00	
   3.6165043695380774e+00	
