   5.1646033850060986e+00	
   5.3193747390328765e+00	
   5.1119344343678552e+00	
   5.2691382858571716e+00	
   5.0837309434514513e+00	
   5.1608877982477264e+00	
   5.0609542608685674e+00	
   5.1179246742202924e+00	
   5.0966188655757838e+00	
   5.1193742991752567e+00	
   5.1107573530848978e+00	
   5.1404480458264450e+00	
   5.1117655697123565e+00	
   5.1505506169791726e+00	
   5.2476349872792927e+00	
   5.1994121626355874e+00	
   5.1380169655157966e+00	
   5.2024214814529000e+00	
   5.1139579978930634e+00	
   5.2236166867491249e+00	
   5.1559364141388873e+00	
   4.9976200814830749e+00	
   5.3115520655997503e+00	
   5.1172362153925945e+00	
   5.2184728222352090e+00	
   5.1997030012438614e+00	
   5.0852844699538515e+00	
   5.0698936722512533e+00	
   5.0807919717605259e+00	
