   7.5635005446770331e-01	   7.4801109039200153e-01	   7.4576818019940716e-01	   7.4255178748415951e-01	   7.3333254943990178e-01	   7.3021471775526647e-01	   7.2655180311737899e-01	   7.1999645876826368e-01	
   7.6891630381727860e-01	   7.6518822708055234e-01	   7.6393529357951251e-01	   7.5990835896944320e-01	   7.5904642856497095e-01	   7.5501428469381882e-01	   7.5497047725191369e-01	   7.5370703396805128e-01	
   7.4450850975825311e-01	   7.3772534637713538e-01	   7.3302290271020576e-01	   7.3007420786620736e-01	   7.2693731840629516e-01	   7.2944574817957653e-01	   7.2214202544754913e-01	   7.2066526100351880e-01	
   7.6281008235383985e-01	   7.5906782738649869e-01	   7.5570479873272045e-01	   7.5384994310840070e-01	   7.5192307408803427e-01	   7.4869899627466052e-01	   7.4613366192833808e-01	   7.4470988632319923e-01	
   7.3772211822841105e-01	   7.3681926996726732e-01	   7.3252506296045128e-01	   7.3211020143092465e-01	   7.2746845560700057e-01	   7.2223672332998978e-01	   7.1054395016207017e-01	   7.0633244175908427e-01	
   7.4567028174089012e-01	   7.4435479022529671e-01	   7.4178870434164912e-01	   7.3791131981426727e-01	   7.3719217208824872e-01	   7.3399425669191831e-01	   7.2771250655114084e-01	   7.3019781532951888e-01	
   7.3119209926652262e-01	   7.2529995832099192e-01	   7.2693199148613385e-01	   7.2536513455778673e-01	   7.2472309274365154e-01	   7.1808034205976556e-01	   7.1777780890812659e-01	   7.1435976631769837e-01	
   7.4569345635565887e-01	   7.4021433381907908e-01	   7.3593178017246696e-01	   7.3160602899615557e-01	   7.2853549125155703e-01	   7.2351591656801728e-01	   7.2361199011599475e-01	   7.2332481023838668e-01	
   7.4089124765660408e-01	   7.3526985244716070e-01	   7.3687663082162125e-01	   7.2765780492642007e-01	   7.2265314787305368e-01	   7.2164326107175647e-01	   7.2403439610903797e-01	   7.1607629699686548e-01	
   7.4613819465411191e-01	   7.4332593926735613e-01	   7.3748410288654864e-01	   7.3153846111379928e-01	   7.2852443972616543e-01	   7.2407335411285345e-01	   7.2151495383095765e-01	   7.1968790182103959e-01	
   7.3767766812609648e-01	   7.4254078657779576e-01	   7.3572771818872884e-01	   7.3307030123893913e-01	   7.2904943937323796e-01	   7.2305067140181034e-01	   7.2273427307066118e-01	   7.1149065834135228e-01	
   7.4562194136301607e-01	   7.4194984643398276e-01	   7.4008745896607531e-01	   7.3647127171769966e-01	   7.3248771501652099e-01	   7.3121928428254235e-01	   7.2471781898989285e-01	   7.2140735947644696e-01	
   7.4470817776665321e-01	   7.3977562433349409e-01	   7.3476693216537869e-01	   7.3227263946066645e-01	   7.2888003050882666e-01	   7.2597297904456448e-01	   7.1961276578869204e-01	   7.1626101905481643e-01	
   7.4932261128740829e-01	   7.4332134034329045e-01	   7.4167862481189684e-01	   7.3522281790083466e-01	   7.3324197280334635e-01	   7.3112981958788925e-01	   7.2966348787928836e-01	   7.2326249601784476e-01	
   7.5873603084710184e-01	   7.5554512764587523e-01	   7.5406232831195674e-01	   7.4959627989261879e-01	   7.4730489723414106e-01	   7.4676065242235268e-01	   7.4388675052253839e-01	   7.4222187165251807e-01	
   7.5222137699341041e-01	   7.4990253801826945e-01	   7.4395566001712343e-01	   7.4345990367902426e-01	   7.3847477282792529e-01	   7.4122198184462806e-01	   7.3718241331292278e-01	   7.3820840887798067e-01	
   7.4205097207057424e-01	   7.3633130148978188e-01	   7.3702150082276929e-01	   7.3469002276398099e-01	   7.3336141727060666e-01	   7.3215479810635153e-01	   7.2933449553933904e-01	   7.2819588697536031e-01	
   7.5278966349071963e-01	   7.4652786218895084e-01	   7.4571794598584096e-01	   7.4465492068856254e-01	   7.4179335011661196e-01	   7.4041687329353134e-01	   7.3903346166303552e-01	   7.3576447154201341e-01	
   7.4465051480953126e-01	   7.4017686766354651e-01	   7.3648109845056686e-01	   7.3581202455798456e-01	   7.2857831790979477e-01	   7.2086411552576424e-01	   7.2220561426018071e-01	   7.1502940424091943e-01	
   7.5239691638404338e-01	   7.5287483919612619e-01	   7.4966519824109479e-01	   7.4877187831773839e-01	   7.4403009546158561e-01	   7.4374941921966098e-01	   7.3995073347668039e-01	   7.3675212928843292e-01	
   7.4799242530393872e-01	   7.4356322518038165e-01	   7.4187923960291602e-01	   7.3869959728050882e-01	   7.3582740674586378e-01	   7.3125229663642599e-01	   7.2857645117102898e-01	   7.2428396973958675e-01	
   7.2623431325038157e-01	   7.2167381625192950e-01	   7.1700898592974749e-01	   7.1878810450875508e-01	   7.1188464817964581e-01	   7.1132964821211209e-01	   7.0331013065291215e-01	   7.0101518224556270e-01	
   7.6942953478008758e-01	   7.6271743888962695e-01	   7.6258297649051743e-01	   7.5845915450095347e-01	   7.5859978659910843e-01	   7.5544081956806852e-01	   7.5317656401370681e-01	   7.5172111629545035e-01	
   7.4460110255502654e-01	   7.3946155125929791e-01	   7.2973808206924984e-01	   7.3054966610093353e-01	   7.3214520311583997e-01	   7.2985630560015302e-01	   7.2345960505624773e-01	   7.1945050182671899e-01	
   7.5752855549465736e-01	   7.5170076981806233e-01	   7.4928807347836190e-01	   7.4651183617497441e-01	   7.4360984115788353e-01	   7.3979112462748287e-01	   7.4035975619647287e-01	   7.3689428606928287e-01	
   7.5073064210516627e-01	   7.4940691808331061e-01	   7.4668800811693770e-01	   7.4255686300354851e-01	   7.4110676660861374e-01	   7.4019508111689103e-01	   7.3799019576044123e-01	   7.3278769500307106e-01	
   7.4189971758333162e-01	   7.3710054396562241e-01	   7.3159342399647298e-01	   7.2799649416791312e-01	   7.2280973184245456e-01	   7.1989090954338619e-01	   7.1676311722269759e-01	   7.1636078084727894e-01	
   7.3842125738713615e-01	   7.3264690772250929e-01	   7.2678276602130465e-01	   7.2514763916069724e-01	   7.2052587067393103e-01	   7.2119085331086730e-01	   7.1809385350812727e-01	   7.1259030632049836e-01	
   7.3212082158728786e-01	   7.2906021718113589e-01	   7.3037701404008815e-01	   7.2863224749179512e-01	   7.2455675613816384e-01	   7.2458888703562674e-01	   7.1923137436668061e-01	   7.1657012942678355e-01	
