   3.6361943404078230e+00	
   3.4554140657511443e+00	
   3.4383208489388264e+00	
   3.5653932584269659e+00	
   3.8004993757802747e+00	
   3.4118102372034955e+00	
   3.7212442779858508e+00	
   3.8093424885559726e+00	
   3.6878381190178953e+00	
   3.5588992925509775e+00	
   3.7169225967540571e+00	
   3.4764398668331253e+00	
   3.5762650853100295e+00	
   3.7650478568456092e+00	
   3.6930399500624214e+00	
   3.5895796920516032e+00	
   3.5343424885559713e+00	
   3.5200998751560553e+00	
   3.1174053266749895e+00	
   3.4111152725759464e+00	
   3.4619038701622968e+00	
   3.3287078651685391e+00	
   3.3723345817727841e+00	
   3.7399417394923020e+00	
   3.6178901373283394e+00	
   3.5870890553474819e+00	
   3.6175135247607155e+00	
   3.1400790678318771e+00	
   3.5935892634207240e+00	
   3.6349895963379111e+00	
   3.7196629213483146e+00	
   3.3215563878485224e+00	
   3.6108010819808571e+00	
   3.6933811901789428e+00	
   3.5967665418227215e+00	
   3.6575426550145655e+00	
   3.3848460258010817e+00	
   3.7692155638784852e+00	
