   5.0852279709147741e+00	
   5.0414972966743452e+00	
   5.0859304696414309e+00	
   5.1571799947256380e+00	
   5.2350299340925348e+00	
   5.0358861580946579e+00	
   5.2271700041216667e+00	
   5.2088100245525277e+00	
   5.0923743343519510e+00	
   5.0517712611412877e+00	
   5.2945358479248421e+00	
   5.2166243653004098e+00	
   5.2189040932546824e+00	
   5.2484043655365173e+00	
   5.2629929363991694e+00	
   5.1300739897382170e+00	
   4.9432989304813235e+00	
   5.1416546914381396e+00	
   5.2102448610639147e+00	
   5.0926492409172228e+00	
   5.6933545121896376e+00	
   5.2252160832318344e+00	
   5.0425729534728898e+00	
   5.1631695778303488e+00	
   5.1590534252143998e+00	
   5.1574895273019878e+00	
   5.1685868787173819e+00	
   4.8014047610110069e+00	
   5.2421518514466250e+00	
   5.0782014676697571e+00	
   5.1964680162031298e+00	
   5.0585461884081262e+00	
   5.0548162205998963e+00	
   5.1299352220617083e+00	
   5.1235906231529489e+00	
   5.2208747829875115e+00	
   5.1360886452396741e+00	
   5.1950338318932099e+00	
