   7.3646147670680251e-01	   7.3272375120509869e-01	   7.2789544042478227e-01	   7.3182758427580452e-01	   7.2930111510903761e-01	   7.1944554700790964e-01	   7.1756211146768800e-01	   7.1648336614210639e-01	
   7.3370689823755220e-01	   7.2851189507725600e-01	   7.2736587856393253e-01	   7.1917243297492772e-01	   7.1501836936672969e-01	   7.1209064892583862e-01	   7.1483047398566713e-01	   7.1530829732243495e-01	
   7.4461712783192968e-01	   7.3723297563300894e-01	   7.3361074550823435e-01	   7.3036038692978089e-01	   7.2004550728998651e-01	   7.2015755230332879e-01	   7.1513777530016809e-01	   7.1415392552191659e-01	
   7.4893147811814564e-01	   7.4732126068986382e-01	   7.3809627835754188e-01	   7.3646112550253240e-01	   7.3611629860016448e-01	   7.3268018400798351e-01	   7.2856255316527929e-01	   7.2695311068640067e-01	
   7.6016810105813815e-01	   7.5697895018365413e-01	   7.5380595744272760e-01	   7.4544030985672205e-01	   7.4575369974900585e-01	   7.4246010747523372e-01	   7.4087204131434392e-01	   7.3926963508355736e-01	
   7.3617863766614156e-01	   7.3153637356290901e-01	   7.1906579053581920e-01	   7.1763565034090204e-01	   7.1536099355347449e-01	   7.1634457083291792e-01	   7.1477386095252449e-01	   7.0615919896608004e-01	
   7.6108155579940318e-01	   7.5851503761867356e-01	   7.4845262204411556e-01	   7.4674234693680974e-01	   7.4299330276807440e-01	   7.4244535611903917e-01	   7.3944019872646860e-01	   7.3608072401756819e-01	
   7.6032355925549466e-01	   7.5462966587376090e-01	   7.4863268660835647e-01	   7.4553153352791113e-01	   7.4119531986674003e-01	   7.3734275961915730e-01	   7.3478390315990449e-01	   7.3306475253790127e-01	
   7.4895721953300209e-01	   7.4398404394101425e-01	   7.3668991990617549e-01	   7.2800016372271503e-01	   7.2182112648281027e-01	   7.1818250451480292e-01	   7.1232056082024731e-01	   7.1379481039536929e-01	
   7.3286562017233037e-01	   7.2712374393121637e-01	   7.2273648126608958e-01	   7.2263317392898430e-01	   7.1875382154573186e-01	   7.1888912333841748e-01	   7.1928510365051845e-01	   7.1183400678833075e-01	
   7.6626407005291908e-01	   7.6150494824507564e-01	   7.6049258387815288e-01	   7.5764191206447307e-01	   7.5630407750414574e-01	   7.5244878698628537e-01	   7.5009813541588499e-01	   7.4582673760872764e-01	
   7.5584068431909246e-01	   7.5142747704734747e-01	   7.4843463695767731e-01	   7.4484282801709445e-01	   7.4223223563088558e-01	   7.4256456280376992e-01	   7.3959213838304994e-01	   7.3922028860207878e-01	
   7.5882542297010724e-01	   7.5416296762377766e-01	   7.4846376727466746e-01	   7.4647476794217194e-01	   7.4563423698333997e-01	   7.3954434197492058e-01	   7.3770598791090181e-01	   7.3501062411969920e-01	
   7.6412250554409589e-01	   7.5919854982050350e-01	   7.5508452405923532e-01	   7.4855171160636458e-01	   7.4693213173457751e-01	   7.4465813275726689e-01	   7.4218080334467007e-01	   7.3947451888370275e-01	
   7.5936417209309026e-01	   7.5625590022338729e-01	   7.5633483092989628e-01	   7.5474206980620540e-01	   7.5241368550254017e-01	   7.4682639109029858e-01	   7.4504353680012880e-01	   7.4338887200033466e-01	
   7.4726342588843742e-01	   7.4308135542118081e-01	   7.3904001542635644e-01	   7.3427054229086031e-01	   7.3035624784273778e-01	   7.2638088504373222e-01	   7.2271395563528495e-01	   7.2119855026769197e-01	
   7.2382034254764183e-01	   7.1835384206648978e-01	   7.1376381032710390e-01	   7.0936451951719637e-01	   7.0317960345739250e-01	   6.9948113888458030e-01	   6.9335464648002787e-01	   6.8778239694942256e-01	
   7.4646779974568978e-01	   7.3620315008850812e-01	   7.3563042804834489e-01	   7.3566538063778797e-01	   7.3697820925544244e-01	   7.3398200224455568e-01	   7.2748328909816606e-01	   7.2495666438497841e-01	
   7.5712665436548943e-01	   7.4984684156381776e-01	   7.4597626716551990e-01	   7.4756825959097450e-01	   7.4476271824959039e-01	   7.3844279701117033e-01	   7.3743301515135995e-01	   7.3530327029747489e-01	
   7.4290595415778238e-01	   7.3904647206293528e-01	   7.3201531686288868e-01	   7.2340747802407057e-01	   7.2452265455651199e-01	   7.2610445594389339e-01	   7.1935739379745234e-01	   7.1348498518115899e-01	
   8.1515068399010160e-01	   8.1238609256542793e-01	   8.1145671544615572e-01	   8.1295382257244586e-01	   8.1417283344687452e-01	   8.1557620783679852e-01	   8.1305769920759174e-01	   8.1235159823858438e-01	
   7.5852972411939890e-01	   7.5644024292460044e-01	   7.5168066721890137e-01	   7.4561796413674741e-01	   7.4332453529323717e-01	   7.4120439218109935e-01	   7.3930320197321886e-01	   7.3676043488865983e-01	
   7.4729915275992420e-01	   7.3981771006697228e-01	   7.2164759497335651e-01	   7.1828436182315858e-01	   7.1540571560048538e-01	   7.1412445330917995e-01	   7.0908364995761797e-01	   7.0111978272431486e-01	
   7.5254542379966705e-01	   7.4326492265383881e-01	   7.3835677442283787e-01	   7.3830515600396796e-01	   7.3677150324750584e-01	   7.3384135571023390e-01	   7.3212716192404625e-01	   7.2845998393616995e-01	
   7.4992515955803518e-01	   7.4488554846880861e-01	   7.4294587313065397e-01	   7.3710752111170130e-01	   7.3448868355402619e-01	   7.3104713521414022e-01	   7.2966691742325152e-01	   7.2789833306560181e-01	
   7.5399441320376670e-01	   7.4471491589184813e-01	   7.3996680295407102e-01	   7.3851326972675624e-01	   7.3511453550084693e-01	   7.3133476037609724e-01	   7.2756672103961029e-01	   7.2656263042174773e-01	
   7.4943280636999410e-01	   7.4403857281768859e-01	   7.4601627403147286e-01	   7.4137774294120073e-01	   7.3654483071581356e-01	   7.3321366378077912e-01	   7.2899960904718286e-01	   7.2735956439649374e-01	
   7.0904698393600185e-01	   7.0215924632034177e-01	   6.9493313866086293e-01	   6.8732825561725441e-01	   6.8405417880288877e-01	   6.7686740138150525e-01	   6.6877775045731702e-01	   6.6552259560567095e-01	
   7.5289431033098675e-01	   7.5218380997889056e-01	   7.5320167782861858e-01	   7.5206042287004393e-01	   7.4784270809467190e-01	   7.4456008925226891e-01	   7.4395813297533286e-01	   7.4379571056260940e-01	
   7.4198654446454559e-01	   7.4206188573396681e-01	   7.3482031900023137e-01	   7.2063875435127356e-01	   7.1995478107985778e-01	   7.1899104333997443e-01	   7.1503792200038152e-01	   7.1140697986359869e-01	
   7.5499352170927081e-01	   7.4989973367900820e-01	   7.4825543822539331e-01	   7.4536221152277782e-01	   7.4203213825716274e-01	   7.3808162451052461e-01	   7.3206967064678408e-01	   7.2654087701368786e-01	
   7.3249807106877740e-01	   7.3057606546751952e-01	   7.3230865405215928e-01	   7.2880758462444717e-01	   7.2258525277991037e-01	   7.1776463862329876e-01	   7.0978874647502099e-01	   7.0093242170276038e-01	
   7.3966587285406149e-01	   7.3080788231893179e-01	   7.2893103717063779e-01	   7.2562918859716696e-01	   7.2340971162039569e-01	   7.1698974546453675e-01	   7.0781158193958771e-01	   7.0280827412321722e-01	
   7.4750344136359748e-01	   7.3880086846506521e-01	   7.3344676434020628e-01	   7.3055544023561236e-01	   7.2738540946925268e-01	   7.2831131221063306e-01	   7.3202783557598206e-01	   7.3131174216631534e-01	
   7.4191682247356461e-01	   7.3959322924783477e-01	   7.3648866499689347e-01	   7.3349307997254221e-01	   7.3230059839101347e-01	   7.2865179014163273e-01	   7.2359131158799306e-01	   7.1702707515651321e-01	
   7.5622331166282364e-01	   7.5332333192697754e-01	   7.5096666539761292e-01	   7.4395439639839434e-01	   7.4131895771365008e-01	   7.4338285903445467e-01	   7.4025256579928445e-01	   7.3912870177145085e-01	
   7.4660270227018155e-01	   7.4023290882227255e-01	   7.3444563043542532e-01	   7.3418126996311850e-01	   7.3783641391106758e-01	   7.2946526744457030e-01	   7.2562910438533934e-01	   7.2199339828558096e-01	
   7.5867147831019344e-01	   7.5273687822691293e-01	   7.4741856017971020e-01	   7.4043407371829018e-01	   7.3940404639183077e-01	   7.3462457366485878e-01	   7.3442349560701436e-01	   7.3331292989899111e-01	
