   3.7076050769871003e+00	
   3.8048522679983359e+00	
   3.4685372451102783e+00	
   3.7724219725343326e+00	
   3.8157428214731590e+00	
   3.6535871826883062e+00	
   3.3519912609238451e+00	
   3.7714565126924677e+00	
   3.7790387016229707e+00	
   3.6804598418643364e+00	
   3.6681647940074908e+00	
   3.4902621722846439e+00	
   3.6959550561797752e+00	
   3.4773096129837699e+00	
   3.5651789429879313e+00	
   3.7160923845193512e+00	
   3.5900624219725339e+00	
   3.7228547648772365e+00	
   3.7390178942987937e+00	
   3.4999063670411981e+00	
   3.5569995838535160e+00	
   3.6983936745734498e+00	
   3.6174053266749895e+00	
   3.6148730753225133e+00	
   3.6713004577611321e+00	
   3.4673970037453179e+00	
   3.7308572617561389e+00	
   3.8083541406575114e+00	
   3.5019330004161469e+00	
   3.8996982937994171e+00	
   3.7369225967540576e+00	
   3.7210757386600091e+00	
   3.7477944236371190e+00	
   3.6048335414065749e+00	
   3.6848106533499791e+00	
   3.5669101123595510e+00	
