   5.2362828633482357e+00	
   5.2263767702520969e+00	
   5.0367856595720797e+00	
   5.2490153082258360e+00	
   5.1505310471599755e+00	
   5.0946317947327326e+00	
   5.0712884685421340e+00	
   5.2101971691905913e+00	
   5.1311262080494497e+00	
   5.1346938066618000e+00	
   5.0310954969969917e+00	
   5.0805672247367060e+00	
   5.2575263997833437e+00	
   4.9580665493184481e+00	
   5.2179277343807327e+00	
   5.2188767380559868e+00	
   5.0504292231152519e+00	
   5.1822700836089730e+00	
   5.1987540367607075e+00	
   5.1209440060465647e+00	
   5.0473426000770196e+00	
   5.2338326859976352e+00	
   5.0181187951874984e+00	
   5.0413261660290809e+00	
   5.2299191424313864e+00	
   5.1412335431040841e+00	
   5.2251141511039760e+00	
   5.2803992623971547e+00	
   5.1784211272359162e+00	
   5.2060949169910948e+00	
   5.1174807953280608e+00	
   5.2055481637133223e+00	
   5.2069053980883186e+00	
   5.2186736684249642e+00	
   5.1499639334094809e+00	
   5.3286784427996565e+00	
